LOSS: 0.00048221005302397416
VAL_LOSS: 0.00035189783975054714
PCT CHANGE: -99.43117499351501
MAX PCT CHANGE: -17480.026245117188
SLOPE: 0.001021932065486908