LOSS: 0.014615628792862803
VAL_LOSS: 0.015256328863366473
PCT CHANGE: 40.02601206302643