LOSS: 0.015150879021651811
VAL_LOSS: 0.013751130396996042
PCT CHANGE: 47.8496253490448
MAX PCT CHANGE: 32.363712787628174
SLOPE: 0.0026271864771842957