LOSS: 0.0004581198197725962
VAL_LOSS: 0.0004911181266108032
PCT CHANGE: 25.752228498458862
MAX PCT CHANGE: 20.478546619415283
SLOPE: 0.001361510157585144