LOSS: 0.0004915935695502623
VAL_LOSS: 0.00040409257283715677
PCT CHANGE: 16.804371774196625
MAX PCT CHANGE: 14.386765658855438
SLOPE: 0.000889240950345993