LOSS: 0.001538649870571848
VAL_LOSS: 0.0012102124493993832
PCT CHANGE: 4.7997258603572845
MAX PCT CHANGE: -5.924086645245552
SLOPE: -0.0004625476896762848