LOSS: 0.0015348961110529145
VAL_LOSS: 0.0013743783703254763
PCT CHANGE: 17.04004555940628
MAX PCT CHANGE: 14.559158682823181
SLOPE: 0.004438170790672302