LOSS: 0.027298851682561735
VAL_LOSS: 0.026413627947084337
PCT CHANGE: -3.4581508487462997
MAX PCT CHANGE: 3.4581508487462997
SLOPE: -0.000867520272731781