LOSS: 0.016616848467244108
VAL_LOSS: 0.015106162163529465
PCT CHANGE: 24.76518750190735
MAX PCT CHANGE: 19.849437475204468
SLOPE: 0.0009779442101716996