LOSS: 0.0006435393280675069
VAL_LOSS: 0.0005595208733617295
PCT CHANGE: 25.294876098632812
MAX PCT CHANGE: 20.18827646970749
SLOPE: 0.001049400120973587