LOSS: 0.01655488793781377
VAL_LOSS: 0.016309222715685693
PCT CHANGE: 28.60558032989502