LOSS: 0.0011070557665018848
VAL_LOSS: 0.000534593767952174
PCT CHANGE: -67.5173819065094
MAX PCT CHANGE: -207.85698890686035
SLOPE: 0.007022051513195038