LOSS: 0.020111878157721377
VAL_LOSS: 0.01581229828298092
PCT CHANGE: -15.117640793323517
MAX PCT CHANGE: -17.81010776758194
SLOPE: 0.0015664398670196533