LOSS: 0.00027728398923474037
VAL_LOSS: 0.00027329317129783906
PCT CHANGE: 6.6350191831588745
MAX PCT CHANGE: 6.401260197162628
SLOPE: 0.0005016587674617767