LOSS: 0.011141211866474838
VAL_LOSS: 0.010772502910900908
PCT CHANGE: 13.074184954166412
MAX PCT CHANGE: 11.562483757734299
SLOPE: 0.0010161049664020537