LOSS: 0.00014194573781188416
VAL_LOSS: 0.00014372384485506905
PCT CHANGE: -6.0429055243730545
MAX PCT CHANGE: 6.0429055243730545
SLOPE: -0.00018925145268440248