LOSS: 0.008382363004118364
VAL_LOSS: 0.007499578917953169
PCT CHANGE: -10.333401709794998
MAX PCT CHANGE: -12.33772411942482
SLOPE: 0.00018119066953659058