LOSS: 0.0005511138629299823
VAL_LOSS: 0.0008529923507012427
PCT CHANGE: 21.3960662484169
MAX PCT CHANGE: 17.625007033348083
SLOPE: 0.0025070294737815856