LOSS: 0.0006475910092621977
VAL_LOSS: 0.0003954999556299299
PCT CHANGE: 46.94221317768097
MAX PCT CHANGE: 31.946036219596863
SLOPE: 0.0011882405728101731