LOSS: 0.000668901672472243
VAL_LOSS: 0.00038418281474150717
PCT CHANGE: 46.80132269859314
MAX PCT CHANGE: 31.88072144985199
SLOPE: 0.0007749095559120179