LOSS: 0.0005904103687779012
VAL_LOSS: 0.0005540954298339784
PCT CHANGE: 13.136245310306549
MAX PCT CHANGE: 11.610996723175049
SLOPE: 0.0015456140041351317