LOSS: 0.016144692565928875
VAL_LOSS: 0.013119750656187534
PCT CHANGE: 27.050036191940308
MAX PCT CHANGE: 21.29085212945938
SLOPE: 0.0031192049384117125