LOSS: 0.015464333688801403
VAL_LOSS: 0.016195181757211685
PCT CHANGE: 29.335790872573853