LOSS: 0.00015451810124409227
VAL_LOSS: 0.000127630750434832
PCT CHANGE: -38.68826627731323
MAX PCT CHANGE: -63.10092210769653
SLOPE: 0.0013122299686074256