LOSS: 0.00867786642378397
VAL_LOSS: 0.007790248098664481
PCT CHANGE: 9.638674557209015
MAX PCT CHANGE: 8.791308850049973
SLOPE: 0.00034275762736797334