LOSS: 0.0003154161961987052
VAL_LOSS: 0.0002484630672476393
PCT CHANGE: 21.22906893491745
MAX PCT CHANGE: 17.511533200740814
SLOPE: 0.0005043605342507362