LOSS: 0.011845399816211187
VAL_LOSS: 0.011527258091636242
PCT CHANGE: 15.79890102148056
MAX PCT CHANGE: 13.643394410610199
SLOPE: 0.0008719265460968018