LOSS: 0.00032260797578503473
VAL_LOSS: 0.00029126227560717774
PCT CHANGE: -14.95160460472107
MAX PCT CHANGE: 14.95160460472107
SLOPE: -0.0008118230849504471