LOSS: 0.0003211331230981166
VAL_LOSS: 0.00027386021776051135