LOSS: 0.012629660934575475
VAL_LOSS: 0.011728674233656564
PCT CHANGE: 11.764955520629883
MAX PCT CHANGE: 10.526515543460846
SLOPE: 0.0006609007716178894