LOSS: 0.00032543005750903175
VAL_LOSS: 0.0002718263561126761
PCT CHANGE: 105.35765886306763
MAX PCT CHANGE: 51.304471492767334
SLOPE: 0.0002778388094156981