LOSS: 0.00012329298691693668
VAL_LOSS: 9.808047783892709e-05
PCT CHANGE: 10.19030436873436
MAX PCT CHANGE: -12.44722381234169
SLOPE: -0.00024224035441875458