LOSS: 0.00011215279376652563
VAL_LOSS: 0.00011020670929695848
PCT CHANGE: 0.561595568433404
MAX PCT CHANGE: -8.791369944810867
SLOPE: -1.4267489314079285e-05