LOSS: 0.007157537403150296
VAL_LOSS: 0.006834055302083813
PCT CHANGE: 14.192336797714233
MAX PCT CHANGE: 12.428449839353561
SLOPE: 0.0006143979728221894