LOSS: 0.0007550001582290134
VAL_LOSS: 0.0006134910211670581
PCT CHANGE: 60.62965393066406
MAX PCT CHANGE: 37.74499297142029
SLOPE: 0.00032523032277822497