LOSS: 0.0007191985660118966
VAL_LOSS: 0.0006352000762607983
PCT CHANGE: 66.32896661758423
MAX PCT CHANGE: 39.878180623054504
SLOPE: 0.000317146023735404