LOSS: 0.01806001010267437
VAL_LOSS: 0.01562080729297168
PCT CHANGE: 97.54619002342224
MAX PCT CHANGE: 49.378928542137146
SLOPE: 0.0006375472992658615