LOSS: 0.00012355960855901115
VAL_LOSS: 0.0001420428476102898
PCT CHANGE: -51.71562433242798
MAX PCT CHANGE: -107.10633993148804
SLOPE: 0.000669300090521574