LOSS: 0.0001347615419935386
VAL_LOSS: 0.00010780583444828663
PCT CHANGE: -32.31230974197388
MAX PCT CHANGE: -48.889270424842834
SLOPE: 0.0004170281812548637