LOSS: 0.007812398040278567
VAL_LOSS: 0.007275227463973061
PCT CHANGE: 7.133058458566666
MAX PCT CHANGE: 6.6581301391124725
SLOPE: 0.000150255486369133