LOSS: 0.011290261045162042
VAL_LOSS: 0.011073919200747134
PCT CHANGE: 11.493644118309021
MAX PCT CHANGE: 10.30878871679306
SLOPE: 0.0004004891961812973