LOSS: 0.00027171981109728327
VAL_LOSS: 0.0002709637429269241
PCT CHANGE: -169.66849565505981
MAX PCT CHANGE: 243.53690147399902
SLOPE: 0.0006585972849279642