LOSS: 0.00027663787273870687
VAL_LOSS: 0.00026480269332092564
PCT CHANGE: 34.828877449035645
MAX PCT CHANGE: 25.831910967826843
SLOPE: 0.00044343126937747003