LOSS: 0.0002706209875244684
VAL_LOSS: 0.0002782313154613358
PCT CHANGE: -5.1940906792879105
MAX PCT CHANGE: 5.1940906792879105
SLOPE: -0.00017729252576828002