LOSS: 0.07746596710060534
VAL_LOSS: 0.08082374492543541
PCT CHANGE: 0
MAX PCT CHANGE: 0
SLOPE: 0