LOSS: 0.009526360815113388
VAL_LOSS: 0.006701017107941625
PCT CHANGE: 0
MAX PCT CHANGE: 0
SLOPE: 0