LOSS: 0.005105456894119831
VAL_LOSS: 0.007517422725826074
PCT CHANGE: 0
MAX PCT CHANGE: 0
SLOPE: 0