LOSS: 0.005739231153326092
VAL_LOSS: 0.005455721733394402
PCT CHANGE: 0
MAX PCT CHANGE: 0
SLOPE: 0