LOSS: 0.008389045251115381
VAL_LOSS: 0.008301050099586028
PCT CHANGE: 0
MAX PCT CHANGE: 0
SLOPE: 0