LOSS: 0.0636363478655019
VAL_LOSS: 0.05288201079601874
PCT CHANGE: 0
MAX PCT CHANGE: 0
SLOPE: 0