LOSS: 0.007899029518994276
VAL_LOSS: 0.004590153847143883
PCT CHANGE: 0
MAX PCT CHANGE: 0
SLOPE: 0