LOSS: 0.07354560428751128
VAL_LOSS: 0.08265212448796987
PCT CHANGE: 0
MAX PCT CHANGE: 0
SLOPE: 0