LOSS: 0.007229930452025985
VAL_LOSS: 0.008977912660668098
PCT CHANGE: 0
MAX PCT CHANGE: 0
SLOPE: 0