LOSS: 0.007816911598122419
VAL_LOSS: 0.006115503373423748
PCT CHANGE: 0
MAX PCT CHANGE: 0
SLOPE: 0