LOSS: 0.06157021307431603
VAL_LOSS: 0.03427497232984918
PCT CHANGE: 0
MAX PCT CHANGE: 0
SLOPE: 0