LOSS: 0.020861457108700875
VAL_LOSS: 0.024694018508140132
PCT CHANGE: 0
MAX PCT CHANGE: 0
SLOPE: 0