LOSS: 0.007501606552742917
VAL_LOSS: 0.009488415040737904
PCT CHANGE: 0
MAX PCT CHANGE: 0
SLOPE: 0