LOSS: 0.058066123558118056
VAL_LOSS: 0.027761672554902157
PCT CHANGE: 0
MAX PCT CHANGE: 0
SLOPE: 0