LOSS: 0.05965170582599229
VAL_LOSS: 0.01656226295797251
PCT CHANGE: 0
MAX PCT CHANGE: 0
SLOPE: 0