LOSS: 0.007245949883334994
VAL_LOSS: 0.00482783555780509
PCT CHANGE: 0
MAX PCT CHANGE: 0
SLOPE: 0