LOSS: 0.06617529786574776
VAL_LOSS: 0.05769048049323649
PCT CHANGE: 0
MAX PCT CHANGE: 0
SLOPE: 0