LOSS: 0.04674838954846992
VAL_LOSS: 0.0014321324676760143
PCT CHANGE: 0
MAX PCT CHANGE: 0
SLOPE: 0