LOSS: 0.01301360737690723
VAL_LOSS: 0.013561210641720747
PCT CHANGE: 0
MAX PCT CHANGE: 0
SLOPE: 0