LOSS: 0.060216229469172614
VAL_LOSS: 0.03327527363020492
PCT CHANGE: 0
MAX PCT CHANGE: 0
SLOPE: 0