LOSS: 0.05993114702095891
VAL_LOSS: 0.05409364404969412
PCT CHANGE: 0
MAX PCT CHANGE: 0
SLOPE: 0