LOSS: 0.05689896338182891
VAL_LOSS: 0.049065163476088317
PCT CHANGE: 0
MAX PCT CHANGE: 0
SLOPE: 0