LOSS: 0.009203003515460976
VAL_LOSS: 0.00599221705795137
PCT CHANGE: 0
MAX PCT CHANGE: 0
SLOPE: 0