LOSS: 0.06563691984815272
VAL_LOSS: 0.06016274682067241
PCT CHANGE: 0
MAX PCT CHANGE: 0
SLOPE: 0