LOSS: 0.05901861055026791
VAL_LOSS: 0.049619305276945636
PCT CHANGE: 0
MAX PCT CHANGE: 0
SLOPE: 0