LOSS: 0.07088761832690078
VAL_LOSS: 0.0841335882174521
PCT CHANGE: 0
MAX PCT CHANGE: 0
SLOPE: 0