LOSS: 0.06218585118490875
VAL_LOSS: 0.053359980469225125
PCT CHANGE: 0
MAX PCT CHANGE: 0
SLOPE: 0