LOSS: 0.01991398905893024
VAL_LOSS: 0.027803765087247752
PCT CHANGE: 0
MAX PCT CHANGE: 0
SLOPE: 0