LOSS: 0.005791276328185265
VAL_LOSS: 5.84578449777562e-05
PCT CHANGE: 0
MAX PCT CHANGE: 0
SLOPE: 0