LOSS: 0.022104735492909554
VAL_LOSS: 0.027129117493256392
PCT CHANGE: 0
MAX PCT CHANGE: 0
SLOPE: 0