LOSS: 0.05328799864441103
VAL_LOSS: 0.051311644753926106
PCT CHANGE: 0
MAX PCT CHANGE: 0
SLOPE: 0