LOSS: 0.0044369236326524345
VAL_LOSS: 0.0035044471747850024
PCT CHANGE: 0
MAX PCT CHANGE: 0
SLOPE: 0