LOSS: 0.00860493653077679
VAL_LOSS: 0.010976747140669577
PCT CHANGE: 0
MAX PCT CHANGE: 0
SLOPE: 0