LOSS: 0.00766708302400217
VAL_LOSS: 0.004058826033400516
PCT CHANGE: 0
MAX PCT CHANGE: 0
SLOPE: 0