LOSS: 0.024213388200393683
VAL_LOSS: 0.026129185791603095
PCT CHANGE: 0
MAX PCT CHANGE: 0
SLOPE: 0