LOSS: 0.06201277356226954
VAL_LOSS: 0.059496749520194805
PCT CHANGE: 0
MAX PCT CHANGE: 0
SLOPE: 0