LOSS: 0.00757329596567705
VAL_LOSS: 0.0037062102222323577
PCT CHANGE: 0
MAX PCT CHANGE: 0
SLOPE: 0