LOSS: 0.01248604198730232
VAL_LOSS: 0.013423599497696687
PCT CHANGE: 0
MAX PCT CHANGE: 0
SLOPE: 0