LOSS: 0.024825682702789204
VAL_LOSS: 0.03701940954749962
PCT CHANGE: 0
MAX PCT CHANGE: 0
SLOPE: 0