LOSS: 0.06858123060402793
VAL_LOSS: 0.07300052775782358
PCT CHANGE: 0
MAX PCT CHANGE: 0
SLOPE: 0