LOSS: 0.012826375839544223
VAL_LOSS: 0.013244342679501059
PCT CHANGE: 0
MAX PCT CHANGE: 0
SLOPE: 0