LOSS: 0.013068206636630983
VAL_LOSS: 0.01298985657263847
PCT CHANGE: 0
MAX PCT CHANGE: 0
SLOPE: 0