LOSS: 0.009585421208018032
VAL_LOSS: 0.00887867300378249
PCT CHANGE: 0
MAX PCT CHANGE: 0
SLOPE: 0