LOSS: 0.00939359545082362
VAL_LOSS: 0.006973872399308737
PCT CHANGE: 0
MAX PCT CHANGE: 0
SLOPE: 0