LOSS: 0.01406345761003977
VAL_LOSS: 0.01484908105568937
PCT CHANGE: 0
MAX PCT CHANGE: 0
SLOPE: 0