LOSS: 0.06279281633814104
VAL_LOSS: 0.048403058803006604
PCT CHANGE: 0
MAX PCT CHANGE: 0
SLOPE: 0