LOSS: 0.046547895829114706
VAL_LOSS: 0.0017713694617944758
PCT CHANGE: 0
MAX PCT CHANGE: 0
SLOPE: 0