LOSS: 0.009191751098878936
VAL_LOSS: 0.009534319843076958
PCT CHANGE: 0
MAX PCT CHANGE: 0
SLOPE: 0