LOSS: 0.010975311567769354
VAL_LOSS: 0.01802016754196507
PCT CHANGE: 0
MAX PCT CHANGE: 0
SLOPE: 0