LOSS: 0.008914560848709925
VAL_LOSS: 0.00546129864742528
PCT CHANGE: 0
MAX PCT CHANGE: 0
SLOPE: 0