LOSS: 0.07161222562293879
VAL_LOSS: 0.09313715882399427
PCT CHANGE: 0
MAX PCT CHANGE: 0
SLOPE: 0