LOSS: 0.06528387711629191
VAL_LOSS: 0.05207406986284085
PCT CHANGE: 0
MAX PCT CHANGE: 0
SLOPE: 0