LOSS: 0.06109167611363546
VAL_LOSS: 0.054418846670558255
PCT CHANGE: 0
MAX PCT CHANGE: 0
SLOPE: 0