LOSS: 0.07601941056566217
VAL_LOSS: 0.08059624626512818
PCT CHANGE: 0
MAX PCT CHANGE: 0
SLOPE: 0