LOSS: 0.007910377353503363
VAL_LOSS: 0.008418421338762104
PCT CHANGE: 0
MAX PCT CHANGE: 0
SLOPE: 0