LOSS: 0.0213879685339739
VAL_LOSS: 0.030020717732447515
PCT CHANGE: 0
MAX PCT CHANGE: 0
SLOPE: 0