LOSS: 0.021353044955850504
VAL_LOSS: 0.030361181567255542
PCT CHANGE: 0
MAX PCT CHANGE: 0
SLOPE: 0