LOSS: 0.02520914709450101
VAL_LOSS: 0.02653850427420019
PCT CHANGE: 0
MAX PCT CHANGE: 0
SLOPE: 0