LOSS: 0.06320410830435248
VAL_LOSS: 0.05664772892126703
PCT CHANGE: 0
MAX PCT CHANGE: 0
SLOPE: 0