LOSS: 0.06098454029598613
VAL_LOSS: 0.040487947785153425
PCT CHANGE: 0
MAX PCT CHANGE: 0
SLOPE: 0