LOSS: 0.00845316854344022
VAL_LOSS: 0.008723712457708439
PCT CHANGE: 0
MAX PCT CHANGE: 0
SLOPE: 0