LOSS: 0.008917292887662643
VAL_LOSS: 0.00676644848127928
PCT CHANGE: 0
MAX PCT CHANGE: 0
SLOPE: 0