LOSS: 0.013164213352672073
VAL_LOSS: 0.011720101194113014
PCT CHANGE: 0
MAX PCT CHANGE: 0
SLOPE: 0