LOSS: 0.00820338145513723
VAL_LOSS: 0.005395787194558491
PCT CHANGE: 0
MAX PCT CHANGE: 0
SLOPE: 0