LOSS: 0.07674146283926313
VAL_LOSS: 0.07949408738205813
PCT CHANGE: 0
MAX PCT CHANGE: 0
SLOPE: 0