LOSS: 0.006151405166453369
VAL_LOSS: 0.0010524586138200129
PCT CHANGE: 0
MAX PCT CHANGE: 0
SLOPE: 0