LOSS: 0.08347844790825641
VAL_LOSS: 0.08292239875081187
PCT CHANGE: 0
MAX PCT CHANGE: 0
SLOPE: 0