LOSS: 0.05327112785468624
VAL_LOSS: 0.024855263517831773
PCT CHANGE: 0
MAX PCT CHANGE: 0
SLOPE: 0