LOSS: 0.07735294587660156
VAL_LOSS: 0.079047289765265
PCT CHANGE: 0
MAX PCT CHANGE: 0
SLOPE: 0