LOSS: 0.007913647106676438
VAL_LOSS: 0.005643136247564475
PCT CHANGE: 0
MAX PCT CHANGE: 0
SLOPE: 0