LOSS: 0.0566407815558264
VAL_LOSS: 0.050466816477758455
PCT CHANGE: 0
MAX PCT CHANGE: 0
SLOPE: 0