LOSS: 0.00888321469947562
VAL_LOSS: 0.008358735078276943
PCT CHANGE: 0
MAX PCT CHANGE: 0
SLOPE: 0