LOSS: 0.07655754861082273
VAL_LOSS: 0.0896241973972278
PCT CHANGE: 0
MAX PCT CHANGE: 0
SLOPE: 0