LOSS: 0.060959902316117844
VAL_LOSS: 0.053821512335774285
PCT CHANGE: 0
MAX PCT CHANGE: 0
SLOPE: 0