LOSS: 0.025069253318172564
VAL_LOSS: 0.03914406775034589
PCT CHANGE: 0
MAX PCT CHANGE: 0
SLOPE: 0