LOSS: 0.0013890854179979548
VAL_LOSS: 3.5272608226381705e-05
PCT CHANGE: 0
MAX PCT CHANGE: 0
SLOPE: 0