LOSS: 0.00746838444479385
VAL_LOSS: 0.006256974298052182
PCT CHANGE: 0
MAX PCT CHANGE: 0
SLOPE: 0