LOSS: 0.03636670968009855
VAL_LOSS: 0.026329366993392302
PCT CHANGE: 0
MAX PCT CHANGE: 0
SLOPE: 0