LOSS: 0.009569778355403638
VAL_LOSS: 0.010300146396601276
PCT CHANGE: 0
MAX PCT CHANGE: 0
SLOPE: 0