LOSS: 0.03202245862846323
VAL_LOSS: 0.043689019522435375
PCT CHANGE: 0
MAX PCT CHANGE: 0
SLOPE: 0