LOSS: 0.005274989930309838
VAL_LOSS: 0.0007050408120769606
PCT CHANGE: 0
MAX PCT CHANGE: 0
SLOPE: 0