LOSS: 0.007406776013518257
VAL_LOSS: 0.008557751434947126
PCT CHANGE: 0
MAX PCT CHANGE: 0
SLOPE: 0