LOSS: 0.0013929841468525346
VAL_LOSS: 2.4720893004088608e-05
PCT CHANGE: 0
MAX PCT CHANGE: 0
SLOPE: 0