LOSS: 0.005670990816633513
VAL_LOSS: 0.007395762617029317
PCT CHANGE: 0
MAX PCT CHANGE: 0
SLOPE: 0