LOSS: 0.0649223969429999
VAL_LOSS: 0.05703463975199677
PCT CHANGE: 0
MAX PCT CHANGE: 0
SLOPE: 0