LOSS: 0.01424901606994254
VAL_LOSS: 0.012186071610541378
PCT CHANGE: 0
MAX PCT CHANGE: 0
SLOPE: 0