LOSS: 0.06004146157464604
VAL_LOSS: 0.05409566469530657
PCT CHANGE: 0
MAX PCT CHANGE: 0
SLOPE: 0