LOSS: 0.05584988686886467
VAL_LOSS: 0.055089379669145365
PCT CHANGE: 0
MAX PCT CHANGE: 0
SLOPE: 0