LOSS: 0.06191832919335879
VAL_LOSS: 0.056185415726910805
PCT CHANGE: 0
MAX PCT CHANGE: 0
SLOPE: 0