LOSS: 0.007427483262022693
VAL_LOSS: 0.006438866620498778
PCT CHANGE: 0
MAX PCT CHANGE: 0
SLOPE: 0