LOSS: 0.003634907346205448
VAL_LOSS: 0.007170415944896331
PCT CHANGE: 0
MAX PCT CHANGE: 0
SLOPE: 0