LOSS: 0.06274628062704093
VAL_LOSS: 0.058739062091017966
PCT CHANGE: 0
MAX PCT CHANGE: 0
SLOPE: 0