LOSS: 0.05862863664807922
VAL_LOSS: 0.054548042540436804
PCT CHANGE: 0
MAX PCT CHANGE: 0
SLOPE: 0