LOSS: 0.02463513365286257
VAL_LOSS: 0.0014008496561099372
PCT CHANGE: 0
MAX PCT CHANGE: 0
SLOPE: 0