LOSS: 0.005219710913734685
VAL_LOSS: 5.5770626151976144e-05
PCT CHANGE: 0
MAX PCT CHANGE: 0
SLOPE: 0