LOSS: 0.06072603818865182
VAL_LOSS: 0.05883811053751401
PCT CHANGE: 0
MAX PCT CHANGE: 0
SLOPE: 0