LOSS: 0.008577490722028208
VAL_LOSS: 0.007381582376003747
PCT CHANGE: 0
MAX PCT CHANGE: 0
SLOPE: 0