LOSS: 0.06539192710413495
VAL_LOSS: 0.07277809362025509
PCT CHANGE: 0
MAX PCT CHANGE: 0
SLOPE: 0