LOSS: 0.05386605089667455
VAL_LOSS: 0.051761627986465365
PCT CHANGE: 0
MAX PCT CHANGE: 0
SLOPE: 0