LOSS: 0.01231111512379825
VAL_LOSS: 0.013416385891212548
PCT CHANGE: 0
MAX PCT CHANGE: 0
SLOPE: 0