LOSS: 0.01266065531554038
VAL_LOSS: 0.015048132607903272
PCT CHANGE: 0
MAX PCT CHANGE: 0
SLOPE: 0