LOSS: 0.010294871968242275
VAL_LOSS: 0.007361949461594197
PCT CHANGE: 0
MAX PCT CHANGE: 0
SLOPE: 0