LOSS: 0.06042744153759424
VAL_LOSS: 0.05424366900747511
PCT CHANGE: 0
MAX PCT CHANGE: 0
SLOPE: 0