LOSS: 0.0013120415550163908
VAL_LOSS: 0.0014500176222499112
PCT CHANGE: 8.085094392299652
MAX PCT CHANGE: 7.480304688215256
SLOPE: 0.0006040483713150024