LOSS: 0.001331505906704825
VAL_LOSS: 0.0014190119138429705
PCT CHANGE: -0.8088698610663414
MAX PCT CHANGE: 1.9524861127138138
SLOPE: -6.0811638832092285e-05