LOSS: 0.02378091370917629
VAL_LOSS: 0.023007408458752873
PCT CHANGE: -1041.402530670166
MAX PCT CHANGE: 110.6224536895752
SLOPE: 0.0007802261505275964