LOSS: 0.0013955842800733211
VAL_LOSS: 0.0011741407773636376
PCT CHANGE: -59.86272692680359
MAX PCT CHANGE: -149.14495944976807
SLOPE: 0.0013763568364083766