LOSS: 0.021749951711168624
VAL_LOSS: 0.019262380323850126
PCT CHANGE: -42.40001440048218
MAX PCT CHANGE: -73.61115217208862
SLOPE: 0.0011134179309010505