LOSS: 0.0009424490904463191
VAL_LOSS: 0.0009622151248170424
PCT CHANGE: -5.221045762300491
MAX PCT CHANGE: 6.179613247513771
SLOPE: -0.00046328529715538024