LOSS: 0.0006386760547527193
VAL_LOSS: 0.0005971104255877435
PCT CHANGE: 1.365730818361044
MAX PCT CHANGE: 1.6921410337090492
SLOPE: 2.9370374977588654e-05