LOSS: 0.017882964385400338
VAL_LOSS: 0.016258539631962776
PCT CHANGE: 60.66877245903015
MAX PCT CHANGE: 37.76015043258667
SLOPE: 0.0011547159403562546