LOSS: 0.0006979426720795923
VAL_LOSS: 0.0004879893967881799
PCT CHANGE: 0.2585004782304168
MAX PCT CHANGE: 4.095934331417084
SLOPE: 4.956126213073731e-06