LOSS: 0.00011979163809268929
VAL_LOSS: 0.00013012866163584436
PCT CHANGE: -31.63256049156189
MAX PCT CHANGE: -48.651811480522156
SLOPE: 0.00020961258560419082