LOSS: 0.00011387734037537995
VAL_LOSS: 0.00013236404341526611
PCT CHANGE: -34.30340588092804
MAX PCT CHANGE: -52.21489667892456
SLOPE: 0.00023076999932527542