LOSS: 0.00012395756263470129
VAL_LOSS: 0.00011243564475658375
PCT CHANGE: -7.577832043170929
MAX PCT CHANGE: 10.235117375850677
SLOPE: -0.0001690588891506195