LOSS: 0.007427431509246518
VAL_LOSS: 0.006915875520276767
PCT CHANGE: 12.398884445428848
MAX PCT CHANGE: 11.031145602464676
SLOPE: 0.00039282403886318205