LOSS: 0.0001769631917918422
VAL_LOSS: 0.00016374952430341045
PCT CHANGE: -20.396128296852112
MAX PCT CHANGE: 20.396128296852112
SLOPE: -0.0009288892149925231