LOSS: 0.00018863664481875975
VAL_LOSS: 0.00015929675891402276
PCT CHANGE: 12.833656370639801
MAX PCT CHANGE: 11.373960971832275
SLOPE: 0.0001296689733862877