LOSS: 0.0001793791050364891
VAL_LOSS: 0.00019637863254325344
PCT CHANGE: -29.458501935005188
MAX PCT CHANGE: 29.458501935005188
SLOPE: -0.0013742107897996903