LOSS: 0.009167115331511275
VAL_LOSS: 0.008502721947302921
PCT CHANGE: 4.186942055821419