LOSS: 0.009081225795336335
VAL_LOSS: 0.008670855521707656
PCT CHANGE: 81.05478882789612
MAX PCT CHANGE: 44.76810097694397
SLOPE: 0.0009921427816152572