LOSS: 0.000526956024198956
VAL_LOSS: 0.000550449179885775
PCT CHANGE: 48.92415106296539
MAX PCT CHANGE: 32.851722836494446
SLOPE: 0.00067689660936594