LOSS: 0.0005597501161969744
VAL_LOSS: 0.0004271439542221139
PCT CHANGE: -320.8333969116211
MAX PCT CHANGE: 145.28300762176514
SLOPE: 0.0007052300497889519