LOSS: 0.0005316422262589855
VAL_LOSS: 0.000509735360773441
PCT CHANGE: 54.71227169036865
MAX PCT CHANGE: 35.36388576030731
SLOPE: 0.0007786830887198448