LOSS: 0.01573055051267147
VAL_LOSS: 0.0151233813981233
PCT CHANGE: 394.2628860473633
MAX PCT CHANGE: 79.7678530216217
SLOPE: 0.0008020772598683834