LOSS: 0.00040475625027390846
VAL_LOSS: 0.00042199360235198904
PCT CHANGE: 9.211428463459015
MAX PCT CHANGE: 8.434491604566574
SLOPE: 0.00012492742389440535