LOSS: 0.013801331851985314
VAL_LOSS: 0.013257763294918503
PCT CHANGE: 35.36390960216522
MAX PCT CHANGE: 26.125064492225647
SLOPE: 0.0005083502270281315