LOSS: 0.00040357840449619704
VAL_LOSS: 0.000406734612912757
PCT CHANGE: 29.3276309967041
MAX PCT CHANGE: 22.67700284719467
SLOPE: 0.00043197423219680785