LOSS: 0.00042488780206017515
VAL_LOSS: 0.00041364221796092967
PCT CHANGE: -104.59063053131104
MAX PCT CHANGE: 2278.3519744873047
SLOPE: 0.000226674135774374