LOSS: 0.01469073782293059
VAL_LOSS: 0.014460244329723143
PCT CHANGE: 11.087526381015778
MAX PCT CHANGE: 9.980892390012741
SLOPE: 0.00037225522100925446