LOSS: 0.022884968668222427
VAL_LOSS: 0.02034148946404457
PCT CHANGE: -141.78301095962524
MAX PCT CHANGE: 339.3317222595215
SLOPE: 0.0029517583549022674