LOSS: 0.0013587827561423182
VAL_LOSS: 0.0010898635955527425
PCT CHANGE: 104.70209121704102
MAX PCT CHANGE: -104.70209121704102
SLOPE: -0.004906976222991943