LOSS: 0.0011973910548330976
VAL_LOSS: 0.001040163915604353
PCT CHANGE: -0.853519793599844
MAX PCT CHANGE: 6.345672905445099
SLOPE: -5.001164972782135e-05