LOSS: 0.0011562608649615814
VAL_LOSS: 0.0011145469034090638
PCT CHANGE: 6.478811055421829
MAX PCT CHANGE: 8.005373924970627
SLOPE: 0.00038341134786605834