LOSS: 0.001244250071390473
VAL_LOSS: 0.0008474742062389851
PCT CHANGE: -42.834821343421936
MAX PCT CHANGE: -105.32475709915161
SLOPE: 0.0010968699119985104