LOSS: 0.02372703785396832
VAL_LOSS: 0.021386537700891495
PCT CHANGE: 45.05055546760559
MAX PCT CHANGE: 31.058520078659058
SLOPE: 0.0028847739100456237