LOSS: 0.0003991794069498888
VAL_LOSS: 0.0004193178527124173
PCT CHANGE: -16.830018162727356
MAX PCT CHANGE: -20.235688984394073
SLOPE: 0.0005892623215913772