LOSS: 0.0003956343426454404
VAL_LOSS: 0.0003155299174886424
PCT CHANGE: -4.703693091869354
MAX PCT CHANGE: 4.703693091869354
SLOPE: -0.00019327513873577118