LOSS: 0.00039864197030958277
VAL_LOSS: 0.00034588535832200974
PCT CHANGE: -23.205314576625824
MAX PCT CHANGE: -30.21734356880188
SLOPE: 0.000796632282435894