LOSS: 0.01325951548832486
VAL_LOSS: 0.012062256412057997
PCT CHANGE: -5.147193744778633
MAX PCT CHANGE: -6.0570817440748215
SLOPE: 0.0001824118196964264