LOSS: 0.001022959038274699
VAL_LOSS: 0.0012285595294088125
PCT CHANGE: -25.138601660728455
MAX PCT CHANGE: -36.954814195632935
SLOPE: 0.002607528120279312