LOSS: 0.022567339849882788
VAL_LOSS: 0.02431347779929638
PCT CHANGE: -21.971622109413147