LOSS: 0.0011441265025159697
VAL_LOSS: 0.0009420189308002591
PCT CHANGE: -13.83068859577179
MAX PCT CHANGE: -25.826063752174377
SLOPE: 0.0014666981995105743