LOSS: 0.0230702062596346
VAL_LOSS: 0.021798398345708847
PCT CHANGE: -12.530311942100525
MAX PCT CHANGE: -16.764822602272034
SLOPE: 0.001407201588153839