LOSS: 0.023424632299919517
VAL_LOSS: 0.022782156243920326
PCT CHANGE: -0.897910725325346