LOSS: 0.023997839642254142
VAL_LOSS: 0.020713649690151215
PCT CHANGE: 81.98587894439697
MAX PCT CHANGE: -84.44713354110718
SLOPE: -5.104441661387682e-05