LOSS: 0.001368921067641706
VAL_LOSS: 0.0010848904494196177
PCT CHANGE: 2.974953316152096
MAX PCT CHANGE: 3.32384817302227
SLOPE: 0.0002776831388473511