LOSS: 0.00048470551071058286
VAL_LOSS: 0.00039742889113911835
PCT CHANGE: 6.776975840330124
MAX PCT CHANGE: 6.3468508422374725
SLOPE: 0.0004507608711719513