LOSS: 0.0004728039952946046
VAL_LOSS: 0.00043803300011715444
PCT CHANGE: -6.18729367852211
MAX PCT CHANGE: 6.18729367852211
SLOPE: -0.00040407925844192504