LOSS: 0.015908890852718044
VAL_LOSS: 0.014579327766995883
PCT CHANGE: 10.669905692338943
MAX PCT CHANGE: 9.641198813915253
SLOPE: 0.0006634194403886795