LOSS: 0.015776271128818183
VAL_LOSS: 0.015256376233514694
PCT CHANGE: 12.724804878234863