LOSS: 0.013524114636690926
VAL_LOSS: 0.013190859231489244
PCT CHANGE: 145.0289249420166
MAX PCT CHANGE: 59.188491106033325
SLOPE: 0.000801249872893095