LOSS: 0.00040723513950990454
VAL_LOSS: 0.00043496186049360274
PCT CHANGE: 3.407442197203636
MAX PCT CHANGE: 5.30846044421196
SLOPE: 0.00022546127438545228