LOSS: 0.0004338393705602226
VAL_LOSS: 0.0003715776937639197
PCT CHANGE: 94.38626766204834
MAX PCT CHANGE: 48.55603575706482
SLOPE: 0.0005254811141639948