LOSS: 0.0008121828809447413
VAL_LOSS: 0.0006988810938215517
PCT CHANGE: 4.4361937791109085
MAX PCT CHANGE: 4.24775518476963
SLOPE: 0.0006947815418243408