LOSS: 0.02003432028129349
VAL_LOSS: 0.019805510578456746
PCT CHANGE: 1.1861134320497513
MAX PCT CHANGE: 2.4202605709433556
SLOPE: 0.00018899589776992797