LOSS: 0.000153108628277557
VAL_LOSS: 0.00017038331427376906
PCT CHANGE: -58.59083533287048
MAX PCT CHANGE: -141.49243831634521
SLOPE: 0.0004205390810966492