LOSS: 0.0001579033421414461
VAL_LOSS: 0.00016102097340584765
PCT CHANGE: -50.102174282073975
MAX PCT CHANGE: -100.40953159332275
SLOPE: 0.0003622345859184861