LOSS: 0.0001605223427131343
VAL_LOSS: 0.00013155321502768396
PCT CHANGE: -33.20980668067932
MAX PCT CHANGE: 33.20980668067932
SLOPE: -0.0008700566366314888