LOSS: 0.008534405916500435
VAL_LOSS: 0.00788157408692518
PCT CHANGE: 5.946144834160805
MAX PCT CHANGE: 5.612422153353691
SLOPE: 0.00015902239829301834