LOSS: 0.026943854486946316
VAL_LOSS: 0.026854860402054065
PCT CHANGE: 7.725843042135239