LOSS: 0.012771695659389801
VAL_LOSS: 0.012361715896148904
PCT CHANGE: -37.49034404754639