LOSS: 0.011447719195148984
VAL_LOSS: 0.010800149512859129
PCT CHANGE: 2.9106380417943