LOSS: 0.023595332791464807
VAL_LOSS: 0.02269151248037815
PCT CHANGE: 31.401249766349792