LOSS: 0.013122447737010816
VAL_LOSS: 0.01223762870746122
PCT CHANGE: -11.089722067117691