LOSS: 0.015945859098255983
VAL_LOSS: 0.01532562166827617
PCT CHANGE: 32.93354511260986