LOSS: 0.008578257889766539
VAL_LOSS: 0.007795707289156296
PCT CHANGE: -22.571447491645813